4.080247133970260620e-02 2.014482393860816956e-02 1.998516544699668884e-02 2.008685655891895294e-02 2.425648272037506104e-02 1.129961237311363220e-01 3.135454058647155762e-01 4.081227779388427734e-01 1.844941079616546631e-01 1.265807896852493286e-01 3.329060673713684082e-01 2.248094528913497925e-01 2.296465337276458740e-01 2.650234699249267578e-01 2.493814080953598022e-01 2.846551537513732910e-01
1.900825500488281250e-01 1.792904548346996307e-02 1.496530883014202118e-02 7.953359931707382202e-02 4.369233176112174988e-02 1.008176952600479126e-01 2.889482378959655762e-01 2.734267115592956543e-01 2.761876583099365234e-01 1.420288383960723877e-01 2.115233093500137329e-01 1.815449893474578857e-01 2.226929217576980591e-01 2.404005229473114014e-01 2.358120232820510864e-01 2.118254452943801880e-01
2.826411426067352295e-01 1.900992915034294128e-02 2.383030205965042114e-02 1.037756055593490601e-01 1.404766887426376343e-01 4.987848177552223206e-02 2.962927222251892090e-01 1.132427677512168884e-01 2.041631489992141724e-01 4.714709222316741943e-01 2.174369096755981445e-01 1.558050662279129028e-01 2.071013599634170532e-01 2.017134279012680054e-01 2.220718413591384888e-01 2.114854305982589722e-01
3.081463277339935303e-01 2.344669960439205170e-02 2.829617820680141449e-02 2.626725137233734131e-01 7.766027003526687622e-02 2.058904021978378296e-01 3.919107466936111450e-02 9.713916480541229248e-02 1.251095682382583618e-01 2.054803371429443359e-01 4.008156061172485352e-01 1.479880511760711670e-01 1.624557673931121826e-01 1.770353466272354126e-01 1.851492822170257568e-01 1.908174008131027222e-01
2.245708554983139038e-01 2.226757444441318512e-02 2.539433538913726807e-02 1.968230009078979492e-01 7.434847205877304077e-02 8.548668771982192993e-02 1.272505074739456177e-01 1.136896908283233643e-01 1.192923262715339661e-01 1.426248848438262939e-01 3.576311767101287842e-01 1.326774954795837402e-01 1.542382687330245972e-01 1.806958317756652832e-01 1.660929620265960693e-01 1.788207143545150757e-01
1.155832186341285706e-01 4.581755399703979492e-02 2.364457398653030396e-02 6.291304528713226318e-02 8.849970251321792603e-02 7.807129621505737305e-02 1.298152804374694824e-01 2.684454917907714844e-01 1.966880708932876587e-01 1.336542069911956787e-01 2.379783838987350464e-01 1.223297193646430969e-01 1.484378576278686523e-01 1.713327616453170776e-01 1.382745802402496338e-01 1.427413374185562134e-01
8.545772731304168701e-02 9.349334985017776489e-02 2.476275339722633362e-02 5.023070424795150757e-02 3.567334711551666260e-01 9.777690470218658447e-02 1.173629239201545715e-01 2.953052818775177002e-01 3.356851935386657715e-01 1.358688175678253174e-01 3.124641776084899902e-01 1.429841220378875732e-01 1.532655358314514160e-01 1.298138350248336792e-01 1.224516481161117554e-01 1.438989043235778809e-01
9.417373687028884888e-02 1.457768827676773071e-01 3.482439368963241577e-02 2.096833288669586182e-02 4.085851907730102539e-01 8.623697608709335327e-02 1.963936835527420044e-01 9.451732784509658813e-02 2.218661606311798096e-01 3.491091430187225342e-01 3.900374472141265869e-01 1.201715096831321716e-01 1.333045065402984619e-01 1.130926236510276794e-01 1.210165396332740784e-01 1.215281039476394653e-01
9.299712628126144409e-02 8.400198817253112793e-02 5.077325552701950073e-02 2.565787732601165771e-02 1.762136220932006836e-01 7.742545753717422485e-02 1.006905734539031982e-01 1.767862588167190552e-01 5.040501356124877930e-01 3.193754851818084717e-01 1.749607026576995850e-01 1.022219434380531311e-01 1.189064979553222656e-01 1.326390057802200317e-01 1.199696734547615051e-01 1.095865592360496521e-01
7.875873148441314697e-02 8.383776247501373291e-02 8.180671185255050659e-02 2.752368524670600891e-02 5.927306041121482849e-02 6.174917146563529968e-02 7.236789166927337646e-02 2.736437618732452393e-01 3.618056476116180420e-01 9.773328155279159546e-02 1.476305723190307617e-01 9.830895066261291504e-02 1.106658056378364563e-01 1.502915918827056885e-01 1.088914573192596436e-01 9.756234288215637207e-02
8.409887552261352539e-02 8.539399504661560059e-02 1.042161285877227783e-01 5.271399766206741333e-02 3.635954111814498901e-02 9.658837318420410156e-02 6.632634252309799194e-02 4.334056377410888672e-02 1.237806379795074463e-01 1.896152049303054810e-01 9.473775327205657959e-02 9.440342336893081665e-02 1.027744188904762268e-01 1.207170858979225159e-01 1.116414219141006470e-01 1.052665933966636658e-01
8.945712447166442871e-02 7.985398918390274048e-02 1.127130165696144104e-01 1.281584948301315308e-01 4.681344702839851379e-02 6.603105366230010986e-02 8.995616436004638672e-02 1.241650357842445374e-01 1.352023780345916748e-01 2.568056583404541016e-01 9.714456647634506226e-02 9.155003726482391357e-02 1.030409559607505798e-01 1.135604977607727051e-01 1.068320199847221375e-01 1.069405823945999146e-01
8.692369610071182251e-02 7.607748359441757202e-02 8.099105209112167358e-02 1.246286109089851379e-01 6.651590764522552490e-02 6.560807675123214722e-02 1.157435625791549683e-01 1.567454487085342407e-01 2.070802301168441772e-01 7.239150255918502808e-02 9.089531749486923218e-02 1.106767207384109497e-01 9.518929570913314819e-02 1.135561466217041016e-01 1.153943464159965515e-01 1.123502552509307861e-01
8.564848452806472778e-02 8.958096802234649658e-02 7.716697454452514648e-02 1.472142040729522705e-01 6.272813677787780762e-02 6.693734228610992432e-02 1.361124217510223389e-01 1.105094850063323975e-01 6.843303889036178589e-02 1.080472171306610107e-01 1.483418047428131104e-01 1.035546362400054932e-01 1.073289662599563599e-01 1.201345399022102356e-01 1.138968095183372498e-01 9.082128107547760010e-02
8.394563198089599609e-02 8.130138367414474487e-02 7.816995680332183838e-02 1.335924565792083740e-01 8.853524178266525269e-02 6.147956848144531250e-02 7.877363264560699463e-02 1.204816550016403198e-01 7.748417556285858154e-02 1.565942913293838501e-01 1.850960403680801392e-01 1.228867694735527039e-01 1.080828458070755005e-01 1.186900660395622253e-01 1.223451718688011169e-01 9.284840524196624756e-02
7.971323281526565552e-02 7.585029304027557373e-02 7.795462012290954590e-02 1.078772097826004028e-01 9.010327607393264771e-02 1.587744653224945068e-01 3.356059193611145020e-01 1.219886764883995056e-01 8.901246637105941772e-02 1.661178469657897949e-01 2.014887928962707520e-01 1.339951157569885254e-01 1.109639853239059448e-01 1.107256114482879639e-01 1.182398721575737000e-01 9.869347512722015381e-02
